[app/ui]
version = 1.0.0
modtime = 1452892840.208565000

[app/launcher]
owner = e228271
version = 1.0.0
modtime = 1452892840.212056000

[app/package/check_for_updates]
version = 1.0.0
modtime = 1452892840.213251000
